4.740999999999999659e-01
4.013999999999999790e-01
3.211000000000000520e-01
2.419999999999999929e-01
1.734999999999999876e-01
1.222999999999999643e-01
8.689999999999997726e-02
7.509999999999994458e-02
5.389999999999994795e-02
4.339999999999999414e-02
3.110000000000001652e-02
2.569999999999994511e-02
1.890000000000002789e-02
1.280000000000003357e-02
8.399999999999963052e-03
6.499999999999950262e-03
6.399999999999961275e-03
9.399999999999963940e-03
8.499999999999952038e-03
5.399999999999960387e-03
3.399999999999958611e-03
1.099999999999989875e-03
8.000000000000229150e-04
1.199999999999978861e-03
1.099999999999989875e-03
2.499999999999946709e-03
1.199999999999978861e-03
9.000000000000119016e-04
6.000000000000449418e-04
2.999999999999669598e-04
3.999999999999559464e-04
0.000000000000000000e+00
3.999999999999559464e-04
1.999999999999779732e-04
0.000000000000000000e+00
1.999999999999779732e-04
0.000000000000000000e+00
9.999999999998898659e-05
9.999999999998898659e-05
4.999999999999449329e-04
1.999999999999779732e-04
9.999999999998898659e-05
0.000000000000000000e+00
0.000000000000000000e+00
0.000000000000000000e+00
9.999999999998898659e-05
9.999999999998898659e-05
0.000000000000000000e+00
9.999999999998898659e-05
0.000000000000000000e+00
0.000000000000000000e+00
0.000000000000000000e+00
0.000000000000000000e+00
1.999999999999779732e-04
0.000000000000000000e+00
0.000000000000000000e+00
9.999999999998898659e-05
0.000000000000000000e+00
0.000000000000000000e+00
0.000000000000000000e+00
0.000000000000000000e+00
9.999999999998898659e-05
9.999999999998898659e-05
0.000000000000000000e+00
0.000000000000000000e+00
1.999999999999779732e-04
1.999999999999779732e-04
1.999999999999779732e-04
0.000000000000000000e+00
0.000000000000000000e+00
0.000000000000000000e+00
0.000000000000000000e+00
9.999999999998898659e-05
0.000000000000000000e+00
9.999999999998898659e-05
0.000000000000000000e+00
0.000000000000000000e+00
0.000000000000000000e+00
0.000000000000000000e+00
0.000000000000000000e+00
0.000000000000000000e+00
0.000000000000000000e+00
0.000000000000000000e+00
0.000000000000000000e+00
0.000000000000000000e+00
0.000000000000000000e+00
0.000000000000000000e+00
2.999999999999669598e-04
0.000000000000000000e+00
9.999999999998898659e-05
1.999999999999779732e-04
9.999999999998898659e-05
9.999999999998898659e-05
0.000000000000000000e+00
0.000000000000000000e+00
2.999999999999669598e-04
9.999999999998898659e-05
0.000000000000000000e+00
0.000000000000000000e+00
9.999999999998898659e-05
