3.173000000000000265e-01
2.055000000000000160e-01
1.159000000000000030e-01
4.690000000000005276e-02
1.359999999999994547e-02
2.700000000000035705e-03
1.039999999999996483e-02
1.839999999999997193e-02
2.459999999999995524e-02
2.510000000000001119e-02
2.429999999999998828e-02
1.980000000000003979e-02
1.249999999999995559e-02
5.800000000000027356e-03
1.700000000000034817e-03
4.999999999999449329e-04
1.199999999999978861e-03
2.900000000000013678e-03
2.499999999999946709e-03
2.600000000000046718e-03
2.600000000000046718e-03
1.900000000000012790e-03
1.299999999999967848e-03
1.999999999999779732e-04
0.000000000000000000e+00
0.000000000000000000e+00
1.999999999999779732e-04
3.999999999999559464e-04
4.999999999999449329e-04
1.999999999999779732e-04
3.999999999999559464e-04
0.000000000000000000e+00
0.000000000000000000e+00
0.000000000000000000e+00
0.000000000000000000e+00
1.999999999999779732e-04
9.999999999998898659e-05
0.000000000000000000e+00
0.000000000000000000e+00
0.000000000000000000e+00
0.000000000000000000e+00
0.000000000000000000e+00
0.000000000000000000e+00
0.000000000000000000e+00
0.000000000000000000e+00
9.999999999998898659e-05
0.000000000000000000e+00
1.999999999999779732e-04
0.000000000000000000e+00
0.000000000000000000e+00
0.000000000000000000e+00
9.999999999998898659e-05
0.000000000000000000e+00
9.999999999998898659e-05
0.000000000000000000e+00
9.999999999998898659e-05
0.000000000000000000e+00
0.000000000000000000e+00
0.000000000000000000e+00
9.999999999998898659e-05
9.999999999998898659e-05
9.999999999998898659e-05
9.999999999998898659e-05
0.000000000000000000e+00
0.000000000000000000e+00
0.000000000000000000e+00
0.000000000000000000e+00
0.000000000000000000e+00
2.999999999999669598e-04
0.000000000000000000e+00
0.000000000000000000e+00
0.000000000000000000e+00
9.999999999998898659e-05
0.000000000000000000e+00
0.000000000000000000e+00
0.000000000000000000e+00
0.000000000000000000e+00
0.000000000000000000e+00
0.000000000000000000e+00
0.000000000000000000e+00
0.000000000000000000e+00
0.000000000000000000e+00
1.999999999999779732e-04
0.000000000000000000e+00
0.000000000000000000e+00
0.000000000000000000e+00
0.000000000000000000e+00
0.000000000000000000e+00
9.999999999998898659e-05
0.000000000000000000e+00
0.000000000000000000e+00
0.000000000000000000e+00
0.000000000000000000e+00
0.000000000000000000e+00
0.000000000000000000e+00
9.999999999998898659e-05
0.000000000000000000e+00
9.999999999998898659e-05
0.000000000000000000e+00
0.000000000000000000e+00
