5.150429505706914934e-01
6.005561447576730494e-01
6.817777473720196824e-01
7.628705049928040660e-01
8.331448692232279463e-01
8.813468954535048638e-01
9.102989206884157802e-01
9.290843406098141521e-01
9.433428996793566945e-01
9.562725080475640294e-01
9.670642589337796746e-01
9.752671759778455129e-01
9.817398803447707767e-01
9.872296125209472084e-01
9.916021473409557530e-01
9.934744997188935667e-01
9.930140954369337525e-01
9.921225355996392548e-01
9.924339491616813724e-01
9.943248043403664083e-01
9.967689422985361869e-01
9.985477572164787041e-01
9.990160729562933550e-01
9.985606344779900390e-01
9.980915462303366903e-01
9.980652693085249050e-01
9.984753415727911641e-01
9.990036183452881691e-01
9.994508129066028701e-01
9.996698341960530421e-01
9.997391267505871815e-01
9.997300016289131230e-01
9.997563360377363928e-01
9.997616099365924658e-01
9.997804507443186495e-01
9.998256685161818202e-01
9.998589782506598356e-01
9.998602404361467411e-01
9.998238667020589165e-01
9.998292260238377249e-01
9.998702695079587643e-01
9.999250290765351323e-01
9.999401644368659525e-01
9.999533342246070822e-01
9.999428342155451954e-01
9.999442187694753681e-01
9.999612250523006729e-01
9.999713556571119266e-01
9.999827626390680457e-01
9.999830533626860030e-01
9.999760189765689589e-01
9.999438378025570229e-01
9.998881086434359133e-01
9.999015105427961903e-01
9.999522796472208874e-01
9.999578804451001446e-01
9.999189160715419300e-01
9.999218627271564408e-01
9.999747220478987231e-01
9.999755986499967442e-01
9.999421412382896168e-01
9.999378312951949788e-01
9.999546853450682615e-01
9.999595153710856277e-01
9.999802307233545129e-01
9.999468021149426900e-01
9.998785528988858307e-01
9.999328390258076515e-01
9.999662477311705988e-01
9.999526761927302054e-01
9.999459862271524724e-01
9.999716923694442761e-01
9.999805649916103656e-01
9.999565283439488805e-01
9.999457823366029174e-01
9.999740739373401688e-01
9.999871526029227020e-01
9.999738053172033680e-01
9.999637500843030491e-01
9.999916783563522760e-01
9.999820783662186630e-01
9.999673873808426761e-01
9.999762793979092290e-01
9.999754294755789363e-01
9.999586623016687437e-01
9.999464944779310471e-01
9.999755845410221999e-01
9.999350391315386943e-01
9.999325745754994443e-01
9.999309329271026670e-01
9.999426860668964023e-01
9.999196006511925638e-01
9.999047947395378610e-01
9.998806051722235466e-01
9.998948094671098463e-01
9.999164069385704234e-01
9.999384115720064692e-01
9.999500144818040948e-01
9.999543398710941666e-01
9.999691457725776722e-01
