3.913700305951024472e-01
5.094300395727546782e-01
5.807891997868019907e-01
6.677018290376319776e-01
7.837615329159228761e-01
8.990320618768063987e-01
9.717064954512122377e-01
9.837709676218153731e-01
9.596066734179198310e-01
9.388315712016428449e-01
9.375914111716578958e-01
9.505678941108111069e-01
9.666686410002011121e-01
9.804288505440905688e-01
9.911749427457960948e-01
9.962028478190821934e-01
9.941002653932016209e-01
9.898739204790825141e-01
9.892179672267376045e-01
9.922352210915774684e-01
9.951147482534056232e-01
9.962974035608203049e-01
9.969606535406958514e-01
9.978509737029628290e-01
9.983488283940575858e-01
9.984581707457653721e-01
9.985023684263820698e-01
9.984381533497446171e-01
9.986037922231035813e-01
9.989010265587473514e-01
9.990629955737606593e-01
9.993883426860090680e-01
9.997325619877562852e-01
9.996105775995611786e-01
9.993864072904463658e-01
9.993622501694363613e-01
9.995841759654418013e-01
9.997149639234204077e-01
9.997314922699573891e-01
9.997760442828649285e-01
9.997249664195355656e-01
9.997473436418530257e-01
9.997827882303564895e-01
9.997541209311557875e-01
9.997104712439957019e-01
9.995421345214792197e-01
9.996708778022732611e-01
9.997875870351005112e-01
9.997555847671886209e-01
9.997651700512026895e-01
9.997372076979013089e-01
9.998082688006280083e-01
9.997438750761977744e-01
9.998156552176329370e-01
9.997391165501094967e-01
9.996798927258530032e-01
9.996565227428367839e-01
9.996685213337943576e-01
9.997694958418124056e-01
9.995507082016581446e-01
9.996774258749701048e-01
9.998475508896669250e-01
9.995758421962379625e-01
9.998257598756180586e-01
9.997960065979130118e-01
9.996960359858184653e-01
9.998031784336347538e-01
9.997715909159125003e-01
9.997074960362002383e-01
9.998058976528556574e-01
9.997986233023631319e-01
9.997998930790090721e-01
9.998431638659275311e-01
9.998425081538844239e-01
9.997950602460341507e-01
9.997604918499474191e-01
9.997657927760577046e-01
9.998589253316443326e-01
9.997285776172919469e-01
9.998148181880004426e-01
9.998607415998401748e-01
9.998336682062056724e-01
9.998352557511860361e-01
9.998473946257995237e-01
9.997666976079440104e-01
9.998142377124016322e-01
9.998812136691350716e-01
9.997685388464894185e-01
9.997524799817572028e-01
9.999039947322960753e-01
9.997361519096028548e-01
9.998773325823089309e-01
9.997628039144186296e-01
9.998047528381145410e-01
9.998803978943620052e-01
9.997593254169195864e-01
9.996761293833722473e-01
9.997488810372321399e-01
9.998608759186362605e-01
9.997881136094501908e-01
